$ANSIBLE_VAULT;1.1;AES256
34376539356236663833613165313436333466336661623334653437383536383038393039633730
3430323664366138303136373836353761303462306339640a313236633634666135626432666461
34666363623362336361333839616435643536663365633832313435633761643966306262626439
6630653831363362640a623964343931383231363436366231303036316166616534646638363835
37313137343566373366336330323233643665396132323761313266643632633166383063373966
31616633306233316562656163373237333466653830366338353465336238643164326266626566
31326363643636643163666537666537633339346234336133353231326164343638626433376633
31323837353830353666393663386165663731313039326637393532306365313165333461623639
33336135393535333665323666663937333932386661323636636330383239633837306235313366
36333066646435303530373061343765653831613430386561663661643137636336663061663761
63653061343430616430306265633734373130653364303233303138323335613239333236396465
61633336653866386334303235313362306162303465656362643366336335653037383133656331
64363863346163373233333966616564333131643335373861353038663863393832346464313439
39353738393061643966343535383638356535353736366339326465633230313836666464666136
32653965356233333332646565616636373536626138363261383735663065613536633539663566
37633736343932653638363061396236636435326662636465626561356365613034643165353132
62376164323362386266646534323632653866393464393863326538613162653566336265316365
39653339393465356436613834383837363061316335363466383466633233646135353265353365
33306366663063333932373064626465613038616263393966376461373737613437616564383037
66626164613466613961663362376436653566313034393836356333613136656438313435626631
34376638633266646438356164636237633834373534656362393537376136323363363661623837
63383935646336623830643937663365363939623831376330323230623637366363363165373139
38333734333232626363346230366133656633636265383965363163313839393333383931643166
33646665653961386166376235643064313731316266393764316436396561373733316564613132
61666431666637393165376334663966643162396336383939356236366537653031323265333239
64343639623433323934356135343237313435636661376135636633396531643564386131653339
64313463633333393465303362303535356239306162363366663931376233623761383263656139
33383836356138643334333032663631386564663933316438363161356133653039613431663733
35313161336562303661393637386665653037366664613963666230363066613534663235383933
31303838346664356466383662393939393039666131633537633339656164383334373437346539
38633164653932653766633532336330346631336263346339646531326339643535663634663466
31306164383666363430316430633531643531386262396162353130643737353631633533353639
35653031316363623736363334626332343664356463363638663532333233363531346165636565
62653164636538373464386563623735396639616433306436373165646134636333336432393561
33646564386432386139383565656264656161376461373531616562633636326134373035643065
39366466333838646235336663666363316662333830396661386562653834363664313166363066
61643733386633353338343930346137653231376262313964643732663438353832386635386437
30343561336639393035633739643366643462646230613063613833653338333338613532643863
36303937376339653964666361656262376663333732333334353063346264666438623761386631
66616165316135633833303164646434626364356437636332353234653735356562303532656264
61366337326662303335376330643738396636636336326461346466383231333837613137313962
35383439373866306331366632383630383138653932653837633536323862346235653361373637
37643766303462613236343637336232386539336334336264643938623436303663386361366132
34646261623431336237653461386662666537313039393637333234383365333539643930346163
30303130363461646564373766643931333765663037643362303763636638376337643032653466
64303165336330336266393135303631643164306464306430623433396636663039316135626234
34303963316562313364636635313133366665643439326235303162386333363965666231663933
64616265303930366365316235663365333130636531626530316637636565643730383866386537
35373164343333333439343833643838393562393562333532646565336431373761663635343661
39623938313330633263323339353331303535386263333964373334313264353731386162643837
31326333393431393166366364613635343336386662366566303736333036616333386637333363
31323835396463393563613739363665386462663762313265623836366161343664663161343965
62656231386364616531313533333966323634356336656130626135633932323161323862316461
30646133643433373066313439343734633331323133333838336337376237326661363633326139
66626536333161393030363031643066333563633136626166373930353961333465643835323633
62656337646662343132646639353830313034613236393730653663333731393738353538393436
36656164623235653338656339396530313465646632643531656164346134643837383266303465
62323339633664323838363032643362633265383239326437343964306239383137613134323231
66653861343866393536343262633735343637396465643664336361346366386532373335343031
66363561666161376662396436386261353666373162626637353461376238313061303637303439
64633361646237643036333866653136343833333133353235323562313435336365336333346534
64303231386463613135336531656632653436626636663838333830313733643235386462393832
38303062303834303439383733653163666439656332393662613662363535336261613933316135
63376135663564663034663335653632626236323536393265653937663637343134633935333364
36623930346134653864343762356232653934643562646331396334643963356336333838313163
34393635316631393161663966353637633136623734343833313232626461326634646461663063
37346332353065666432666534316437323738646162306339393030666636326634396665623661
31656331393066613130383661383234396465313637666266633965343134323236366535383832
34343131363461353536353832636332636238333063623038643861666361393665633937323562
66656536336135343534363831376663663638663365663331643534666461383361323961633434
34353961653962393132613831663065366261313230653565373165646631393937313461633164
34356339643761643961613538633533353263376234383861303566626138646436643236356439
31666435313261613061356637636131656531316634623066333439653765643333376635623364
35396265306162393263386235613661313638666465393638653763613539663639646465633266
38613132306362366130643863333633383836653065376431643836623735336132376262366366
36653137373235396630383464643433383934343134356638343635376566323865343563653463
62656431633566393265306239353236323936303563393131653439303066643533316666386537
39343136303038316633393663643935376338373439373166626366353733653764326465303833
66306435333134396638653364346533636531373032636130636563653636316234363131363231
37663533373032386631353638666335626261336230333534636334316230363563343735386366
38336131643839356262323364616562663962356439333938366230636665373536626139393639
30643861613134623666653366313763326263636664363762393038616137363033353061333335
36306533626432366239396538356665393131643639373832363738383535643238363732396462
30333834653939313063636134393665316561316263383434656132363731663736396331613165
62303765616434303362633865376531303263323739363765386136376365653466316161633364
62343534353339616662383438326665393261366437383964343765336566393462313130353032
32626662623038353439343663313063376363623630363134646134336564333861346336363935
65393236656531636333656130333736343139663664346238303762393464626465333539393063
30353133306139633431316538653731373338363530663330353764626461663438356565356238
31306232626137636432373635613563396336373162326134393834323737313035323133366633
61333237656636383931633166663066373561333765613932376365643635353232613434376431
39333962636265346537376566303134663035326434343535633666386134313366623937323361
31376162333035336134343539646366333734346666376461343435623066393633663138326339
33363562656432333064313233323632313336656538373333336663323035306166306166616262
65303431656534336137336262626561613766363439386332303734613461383061313233363363
31323533313636626139363938376265643834623164386130326661333636656235303238376435
39633563663233623762643234353265356335313532366234356635386338323539346331366262
37613238346339333766393035336530643931326631613833653166623864656139333539643638
34653534313332363162353036363061323361373732326266386434383034333933333336386533
66343334303937386339393663623636323765646233346437613165643638333531353733303363
33323934396431373434663832616637303031333038393831666537376432303737313234376433
31323439636562333032316537343264626439383534616637386561343162643836333439336635
30643834346339636133323962323133353238616464363063663866326166656630316432353331
65666332373362623639663839646435643833353232646137653263346239356134623938363666
35663866383131663833303264616138366435316230616363333466366563306165373335613666
36393639343435383762386464323266336437663464353234336639393934376535666632316466
33626430363533656536356365663961643964623734666261303337343965393266356233623466
66393365313437363134366662373732323030396638623966373736303961323131343231373638
65343164353163343065393163383537613165383736663632663764316632376135356233373330
38656438323337643837386434366636636633386532346638393437396238323862383963616134
35616664393934346264313337633434646131646137333862616363616131383038343638353334
62356364653163616435363531646233643961333965643263353030363565663137653561663437
31663231653664633739623836663635326230653464633763376239613437656138653063323266
38363861336634623332393936366161316530663931663331313937636635313962613031623065
62343636376364353935393138636639656532623930396638393830646363623664346134316237
64323064363362356134323736623938346562383338636238376263343239343236393230353637
61653836326464323934353666326433303261623435316435663231613138396366616433633536
30353936633864623636633566353934393364316461316464626233313863333762343933303732
37653336393964353164633734613134646434356430383762656137333561386565643339633339
39396538643836323762623865363765323836636135636134346562306538613830386433623066
65626430363731666539343638306564633237636431656633396264623461356261363135393464
31333737313136663461303130323766396137656666623330373532656333323064333935656139
39353732656132303133633731343366323032303030386566323831663436373136363761366463
64343136333962323033373437663938316362303032363661333963396166323834313638626162
64626536653032313239626465376566353966333933623763326630393662633730643137373661
64613164623231643536306230373536356564386630393566643366623131303238663064653062
34643866653630323931386434623736323166383237616638643239346165656465336661386231
33643334323433666435356562303931313930386165613365336331303763353634376539316633
66336133343337346562333430343133373664376637666661626438336636396334613164363237
39636237353131366438373166643237626466663136666338633437626462663665316135616635
31653637303739303430623865353930383961326534333061656665623364633339373638633936
35333337373963646634363963633730656164666366366433663235646463313239333534623934
30393639343335303561326262373866393830336639626430636661323636666261636532663461
6532323937616438343665356366646564373166313335343531
